200.0;50.0;0.0, 250.0;50.0;0.0, 275.0;70.0;0.0, 250.0;90.0;0.0, 200.0;90.0;0.0, 175.0;70.0;0.0
350.0;50.0;0.0, 400.0;50.0;0.0, 425.0;70.0;0.0, 400.0;90.0;0.0, 350.0;90.0;0.0, 325.0;70.0;0.0
500.0;50.0;0.0, 550.0;50.0;0.0, 575.0;70.0;0.0, 550.0;90.0;0.0, 500.0;90.0;0.0, 475.0;70.0;0.0
650.0;50.0;0.0, 700.0;50.0;0.0, 725.0;70.0;0.0, 700.0;90.0;0.0, 650.0;90.0;0.0, 625.0;70.0;0.0
800.0;50.0;0.0, 850.0;50.0;0.0, 875.0;70.0;0.0, 850.0;90.0;0.0, 800.0;90.0;0.0, 775.0;70.0;0.0
950.0;50.0;0.0, 1000.0;50.0;0.0, 1025.0;70.0;0.0, 1000.0;90.0;0.0, 950.0;90.0;0.0, 925.0;70.0;0.0
1100.0;50.0;0.0, 1150.0;50.0;0.0, 1175.0;70.0;0.0, 1150.0;90.0;0.0, 1100.0;90.0;0.0, 1075.0;70.0;0.0
1250.0;50.0;0.0, 1300.0;50.0;0.0, 1325.0;70.0;0.0, 1300.0;90.0;0.0, 1250.0;90.0;0.0, 1225.0;70.0;0.0
1400.0;50.0;0.0, 1450.0;50.0;0.0, 1475.0;70.0;0.0, 1450.0;90.0;0.0, 1400.0;90.0;0.0, 1375.0;70.0;0.0
125.0;70.0;0.0, 175.0;70.0;0.0, 200.0;90.0;0.0, 175.0;110.0;0.0, 125.0;110.0;0.0, 100.0;90.0;0.0
275.0;70.0;0.0, 325.0;70.0;0.0, 350.0;90.0;0.0, 325.0;110.0;0.0, 275.0;110.0;0.0, 250.0;90.0;0.0
425.0;70.0;0.0, 475.0;70.0;0.0, 500.0;90.0;0.0, 475.0;110.0;0.0, 425.0;110.0;0.0, 400.0;90.0;0.0
575.0;70.0;0.0, 625.0;70.0;0.0, 650.0;90.0;0.0, 625.0;110.0;0.0, 575.0;110.0;0.0, 550.0;90.0;0.0
725.0;70.0;0.0, 775.0;70.0;0.0, 800.0;90.0;0.0, 775.0;110.0;0.0, 725.0;110.0;0.0, 700.0;90.0;0.0
875.0;70.0;0.0, 925.0;70.0;0.0, 950.0;90.0;0.0, 925.0;110.0;0.0, 875.0;110.0;0.0, 850.0;90.0;0.0
1025.0;70.0;0.0, 1075.0;70.0;0.0, 1100.0;90.0;0.0, 1075.0;110.0;0.0, 1025.0;110.0;0.0, 1000.0;90.0;0.0
1175.0;70.0;0.0, 1225.0;70.0;0.0, 1250.0;90.0;0.0, 1225.0;110.0;0.0, 1175.0;110.0;0.0, 1150.0;90.0;0.0
1325.0;70.0;0.0, 1375.0;70.0;0.0, 1400.0;90.0;0.0, 1375.0;110.0;0.0, 1325.0;110.0;0.0, 1300.0;90.0;0.0
200.0;90.0;0.0, 250.0;90.0;0.0, 275.0;110.0;0.0, 250.0;130.0;0.0, 200.0;130.0;0.0, 175.0;110.0;0.0
350.0;90.0;0.0, 400.0;90.0;0.0, 425.0;110.0;0.0, 400.0;130.0;0.0, 350.0;130.0;0.0, 325.0;110.0;0.0
500.0;90.0;0.0, 550.0;90.0;0.0, 575.0;110.0;0.0, 550.0;130.0;0.0, 500.0;130.0;0.0, 475.0;110.0;0.0
650.0;90.0;0.0, 700.0;90.0;0.0, 725.0;110.0;0.0, 700.0;130.0;0.0, 650.0;130.0;0.0, 625.0;110.0;0.0
800.0;90.0;0.0, 850.0;90.0;0.0, 875.0;110.0;0.0, 850.0;130.0;0.0, 800.0;130.0;0.0, 775.0;110.0;0.0
950.0;90.0;0.0, 1000.0;90.0;0.0, 1025.0;110.0;0.0, 1000.0;130.0;0.0, 950.0;130.0;0.0, 925.0;110.0;0.0
1100.0;90.0;0.0, 1150.0;90.0;0.0, 1175.0;110.0;0.0, 1150.0;130.0;0.0, 1100.0;130.0;0.0, 1075.0;110.0;0.0
1250.0;90.0;0.0, 1300.0;90.0;0.0, 1325.0;110.0;0.0, 1300.0;130.0;0.0, 1250.0;130.0;0.0, 1225.0;110.0;0.0
1400.0;90.0;0.0, 1450.0;90.0;0.0, 1475.0;110.0;0.0, 1450.0;130.0;0.0, 1400.0;130.0;0.0, 1375.0;110.0;0.0
125.0;110.0;0.0, 175.0;110.0;0.0, 200.0;130.0;0.0, 175.0;150.0;0.0, 125.0;150.0;0.0, 100.0;130.0;0.0
275.0;110.0;0.0, 325.0;110.0;0.0, 350.0;130.0;0.0, 325.0;150.0;0.0, 275.0;150.0;0.0, 250.0;130.0;0.0
425.0;110.0;0.0, 475.0;110.0;0.0, 500.0;130.0;0.0, 475.0;150.0;0.0, 425.0;150.0;0.0, 400.0;130.0;0.0
575.0;110.0;0.0, 625.0;110.0;0.0, 650.0;130.0;0.0, 625.0;150.0;0.0, 575.0;150.0;0.0, 550.0;130.0;0.0
725.0;110.0;0.0, 775.0;110.0;0.0, 800.0;130.0;0.0, 775.0;150.0;0.0, 725.0;150.0;0.0, 700.0;130.0;0.0
875.0;110.0;0.0, 925.0;110.0;0.0, 950.0;130.0;0.0, 925.0;150.0;0.0, 875.0;150.0;0.0, 850.0;130.0;0.0
1025.0;110.0;0.0, 1075.0;110.0;0.0, 1100.0;130.0;0.0, 1075.0;150.0;0.0, 1025.0;150.0;0.0, 1000.0;130.0;0.0
1175.0;110.0;0.0, 1225.0;110.0;0.0, 1250.0;130.0;0.0, 1225.0;150.0;0.0, 1175.0;150.0;0.0, 1150.0;130.0;0.0
1325.0;110.0;0.0, 1375.0;110.0;0.0, 1400.0;130.0;0.0, 1375.0;150.0;0.0, 1325.0;150.0;0.0, 1300.0;130.0;0.0
200.0;130.0;0.0, 250.0;130.0;0.0, 275.0;150.0;0.0, 250.0;170.0;0.0, 200.0;170.0;0.0, 175.0;150.0;0.0
350.0;130.0;0.0, 400.0;130.0;0.0, 425.0;150.0;0.0, 400.0;170.0;0.0, 350.0;170.0;0.0, 325.0;150.0;0.0
500.0;130.0;0.0, 550.0;130.0;0.0, 575.0;150.0;0.0, 550.0;170.0;0.0, 500.0;170.0;0.0, 475.0;150.0;0.0
650.0;130.0;0.0, 700.0;130.0;0.0, 725.0;150.0;0.0, 700.0;170.0;0.0, 650.0;170.0;0.0, 625.0;150.0;0.0
800.0;130.0;0.0, 850.0;130.0;0.0, 875.0;150.0;0.0, 850.0;170.0;0.0, 800.0;170.0;0.0, 775.0;150.0;0.0
950.0;130.0;0.0, 1000.0;130.0;0.0, 1025.0;150.0;0.0, 1000.0;170.0;0.0, 950.0;170.0;0.0, 925.0;150.0;0.0
1100.0;130.0;0.0, 1150.0;130.0;0.0, 1175.0;150.0;0.0, 1150.0;170.0;0.0, 1100.0;170.0;0.0, 1075.0;150.0;0.0
1250.0;130.0;0.0, 1300.0;130.0;0.0, 1325.0;150.0;0.0, 1300.0;170.0;0.0, 1250.0;170.0;0.0, 1225.0;150.0;0.0
1400.0;130.0;0.0, 1450.0;130.0;0.0, 1475.0;150.0;0.0, 1450.0;170.0;0.0, 1400.0;170.0;0.0, 1375.0;150.0;0.0
125.0;150.0;0.0, 175.0;150.0;0.0, 200.0;170.0;0.0, 175.0;190.0;0.0, 125.0;190.0;0.0, 100.0;170.0;0.0
275.0;150.0;0.0, 325.0;150.0;0.0, 350.0;170.0;0.0, 325.0;190.0;0.0, 275.0;190.0;0.0, 250.0;170.0;0.0
425.0;150.0;0.0, 475.0;150.0;0.0, 500.0;170.0;0.0, 475.0;190.0;0.0, 425.0;190.0;0.0, 400.0;170.0;0.0
575.0;150.0;0.0, 625.0;150.0;0.0, 650.0;170.0;0.0, 625.0;190.0;0.0, 575.0;190.0;0.0, 550.0;170.0;0.0
725.0;150.0;0.0, 775.0;150.0;0.0, 800.0;170.0;0.0, 775.0;190.0;0.0, 725.0;190.0;0.0, 700.0;170.0;0.0
875.0;150.0;0.0, 925.0;150.0;0.0, 950.0;170.0;0.0, 925.0;190.0;0.0, 875.0;190.0;0.0, 850.0;170.0;0.0
1025.0;150.0;0.0, 1075.0;150.0;0.0, 1100.0;170.0;0.0, 1075.0;190.0;0.0, 1025.0;190.0;0.0, 1000.0;170.0;0.0
1175.0;150.0;0.0, 1225.0;150.0;0.0, 1250.0;170.0;0.0, 1225.0;190.0;0.0, 1175.0;190.0;0.0, 1150.0;170.0;0.0
1325.0;150.0;0.0, 1375.0;150.0;0.0, 1400.0;170.0;0.0, 1375.0;190.0;0.0, 1325.0;190.0;0.0, 1300.0;170.0;0.0
200.0;170.0;0.0, 250.0;170.0;0.0, 275.0;190.0;0.0, 250.0;210.0;0.0, 200.0;210.0;0.0, 175.0;190.0;0.0
350.0;170.0;0.0, 400.0;170.0;0.0, 425.0;190.0;0.0, 400.0;210.0;0.0, 350.0;210.0;0.0, 325.0;190.0;0.0
500.0;170.0;0.0, 550.0;170.0;0.0, 575.0;190.0;0.0, 550.0;210.0;0.0, 500.0;210.0;0.0, 475.0;190.0;0.0
650.0;170.0;0.0, 700.0;170.0;0.0, 725.0;190.0;0.0, 700.0;210.0;0.0, 650.0;210.0;0.0, 625.0;190.0;0.0
800.0;170.0;0.0, 850.0;170.0;0.0, 875.0;190.0;0.0, 850.0;210.0;0.0, 800.0;210.0;0.0, 775.0;190.0;0.0
950.0;170.0;0.0, 1000.0;170.0;0.0, 1025.0;190.0;0.0, 1000.0;210.0;0.0, 950.0;210.0;0.0, 925.0;190.0;0.0
1100.0;170.0;0.0, 1150.0;170.0;0.0, 1175.0;190.0;0.0, 1150.0;210.0;0.0, 1100.0;210.0;0.0, 1075.0;190.0;0.0
1250.0;170.0;0.0, 1300.0;170.0;0.0, 1325.0;190.0;0.0, 1300.0;210.0;0.0, 1250.0;210.0;0.0, 1225.0;190.0;0.0
1400.0;170.0;0.0, 1450.0;170.0;0.0, 1475.0;190.0;0.0, 1450.0;210.0;0.0, 1400.0;210.0;0.0, 1375.0;190.0;0.0
125.0;190.0;0.0, 175.0;190.0;0.0, 200.0;210.0;0.0, 175.0;230.0;0.0, 125.0;230.0;0.0, 100.0;210.0;0.0
275.0;190.0;0.0, 325.0;190.0;0.0, 350.0;210.0;0.0, 325.0;230.0;0.0, 275.0;230.0;0.0, 250.0;210.0;0.0
425.0;190.0;0.0, 475.0;190.0;0.0, 500.0;210.0;0.0, 475.0;230.0;0.0, 425.0;230.0;0.0, 400.0;210.0;0.0
575.0;190.0;0.0, 625.0;190.0;0.0, 650.0;210.0;0.0, 625.0;230.0;0.0, 575.0;230.0;0.0, 550.0;210.0;0.0
725.0;190.0;0.0, 775.0;190.0;0.0, 800.0;210.0;0.0, 775.0;230.0;0.0, 725.0;230.0;0.0, 700.0;210.0;0.0
875.0;190.0;0.0, 925.0;190.0;0.0, 950.0;210.0;0.0, 925.0;230.0;0.0, 875.0;230.0;0.0, 850.0;210.0;0.0
1025.0;190.0;0.0, 1075.0;190.0;0.0, 1100.0;210.0;0.0, 1075.0;230.0;0.0, 1025.0;230.0;0.0, 1000.0;210.0;0.0
1175.0;190.0;0.0, 1225.0;190.0;0.0, 1250.0;210.0;0.0, 1225.0;230.0;0.0, 1175.0;230.0;0.0, 1150.0;210.0;0.0
1325.0;190.0;0.0, 1375.0;190.0;0.0, 1400.0;210.0;0.0, 1375.0;230.0;0.0, 1325.0;230.0;0.0, 1300.0;210.0;0.0
200.0;210.0;0.0, 250.0;210.0;0.0, 275.0;230.0;0.0, 250.0;250.0;0.0, 200.0;250.0;0.0, 175.0;230.0;0.0
350.0;210.0;0.0, 400.0;210.0;0.0, 425.0;230.0;0.0, 400.0;250.0;0.0, 350.0;250.0;0.0, 325.0;230.0;0.0
500.0;210.0;0.0, 550.0;210.0;0.0, 575.0;230.0;0.0, 550.0;250.0;0.0, 500.0;250.0;0.0, 475.0;230.0;0.0
650.0;210.0;0.0, 700.0;210.0;0.0, 725.0;230.0;0.0, 700.0;250.0;0.0, 650.0;250.0;0.0, 625.0;230.0;0.0
800.0;210.0;0.0, 850.0;210.0;0.0, 875.0;230.0;0.0, 850.0;250.0;0.0, 800.0;250.0;0.0, 775.0;230.0;0.0
950.0;210.0;0.0, 1000.0;210.0;0.0, 1025.0;230.0;0.0, 1000.0;250.0;0.0, 950.0;250.0;0.0, 925.0;230.0;0.0
1100.0;210.0;0.0, 1150.0;210.0;0.0, 1175.0;230.0;0.0, 1150.0;250.0;0.0, 1100.0;250.0;0.0, 1075.0;230.0;0.0
1250.0;210.0;0.0, 1300.0;210.0;0.0, 1325.0;230.0;0.0, 1300.0;250.0;0.0, 1250.0;250.0;0.0, 1225.0;230.0;0.0
1400.0;210.0;0.0, 1450.0;210.0;0.0, 1475.0;230.0;0.0, 1450.0;250.0;0.0, 1400.0;250.0;0.0, 1375.0;230.0;0.0
125.0;230.0;0.0, 175.0;230.0;0.0, 200.0;250.0;0.0, 175.0;270.0;0.0, 125.0;270.0;0.0, 100.0;250.0;0.0
275.0;230.0;0.0, 325.0;230.0;0.0, 350.0;250.0;0.0, 325.0;270.0;0.0, 275.0;270.0;0.0, 250.0;250.0;0.0
425.0;230.0;0.0, 475.0;230.0;0.0, 500.0;250.0;0.0, 475.0;270.0;0.0, 425.0;270.0;0.0, 400.0;250.0;0.0
575.0;230.0;0.0, 625.0;230.0;0.0, 650.0;250.0;0.0, 625.0;270.0;0.0, 575.0;270.0;0.0, 550.0;250.0;0.0
725.0;230.0;0.0, 775.0;230.0;0.0, 800.0;250.0;0.0, 775.0;270.0;0.0, 725.0;270.0;0.0, 700.0;250.0;0.0
875.0;230.0;0.0, 925.0;230.0;0.0, 950.0;250.0;0.0, 925.0;270.0;0.0, 875.0;270.0;0.0, 850.0;250.0;0.0
1025.0;230.0;0.0, 1075.0;230.0;0.0, 1100.0;250.0;0.0, 1075.0;270.0;0.0, 1025.0;270.0;0.0, 1000.0;250.0;0.0
1175.0;230.0;0.0, 1225.0;230.0;0.0, 1250.0;250.0;0.0, 1225.0;270.0;0.0, 1175.0;270.0;0.0, 1150.0;250.0;0.0
1325.0;230.0;0.0, 1375.0;230.0;0.0, 1400.0;250.0;0.0, 1375.0;270.0;0.0, 1325.0;270.0;0.0, 1300.0;250.0;0.0
200.0;250.0;0.0, 250.0;250.0;0.0, 275.0;270.0;0.0, 250.0;290.0;0.0, 200.0;290.0;0.0, 175.0;270.0;0.0
350.0;250.0;0.0, 400.0;250.0;0.0, 425.0;270.0;0.0, 400.0;290.0;0.0, 350.0;290.0;0.0, 325.0;270.0;0.0
500.0;250.0;0.0, 550.0;250.0;0.0, 575.0;270.0;0.0, 550.0;290.0;0.0, 500.0;290.0;0.0, 475.0;270.0;0.0
650.0;250.0;0.0, 700.0;250.0;0.0, 725.0;270.0;0.0, 700.0;290.0;0.0, 650.0;290.0;0.0, 625.0;270.0;0.0
800.0;250.0;0.0, 850.0;250.0;0.0, 875.0;270.0;0.0, 850.0;290.0;0.0, 800.0;290.0;0.0, 775.0;270.0;0.0
950.0;250.0;0.0, 1000.0;250.0;0.0, 1025.0;270.0;0.0, 1000.0;290.0;0.0, 950.0;290.0;0.0, 925.0;270.0;0.0
1100.0;250.0;0.0, 1150.0;250.0;0.0, 1175.0;270.0;0.0, 1150.0;290.0;0.0, 1100.0;290.0;0.0, 1075.0;270.0;0.0
1250.0;250.0;0.0, 1300.0;250.0;0.0, 1325.0;270.0;0.0, 1300.0;290.0;0.0, 1250.0;290.0;0.0, 1225.0;270.0;0.0
1400.0;250.0;0.0, 1450.0;250.0;0.0, 1475.0;270.0;0.0, 1450.0;290.0;0.0, 1400.0;290.0;0.0, 1375.0;270.0;0.0
125.0;270.0;0.0, 175.0;270.0;0.0, 200.0;290.0;0.0, 175.0;310.0;0.0, 125.0;310.0;0.0, 100.0;290.0;0.0
275.0;270.0;0.0, 325.0;270.0;0.0, 350.0;290.0;0.0, 325.0;310.0;0.0, 275.0;310.0;0.0, 250.0;290.0;0.0
425.0;270.0;0.0, 475.0;270.0;0.0, 500.0;290.0;0.0, 475.0;310.0;0.0, 425.0;310.0;0.0, 400.0;290.0;0.0
575.0;270.0;0.0, 625.0;270.0;0.0, 650.0;290.0;0.0, 625.0;310.0;0.0, 575.0;310.0;0.0, 550.0;290.0;0.0
725.0;270.0;0.0, 775.0;270.0;0.0, 800.0;290.0;0.0, 775.0;310.0;0.0, 725.0;310.0;0.0, 700.0;290.0;0.0
875.0;270.0;0.0, 925.0;270.0;0.0, 950.0;290.0;0.0, 925.0;310.0;0.0, 875.0;310.0;0.0, 850.0;290.0;0.0
1025.0;270.0;0.0, 1075.0;270.0;0.0, 1100.0;290.0;0.0, 1075.0;310.0;0.0, 1025.0;310.0;0.0, 1000.0;290.0;0.0
1175.0;270.0;0.0, 1225.0;270.0;0.0, 1250.0;290.0;0.0, 1225.0;310.0;0.0, 1175.0;310.0;0.0, 1150.0;290.0;0.0
1325.0;270.0;0.0, 1375.0;270.0;0.0, 1400.0;290.0;0.0, 1375.0;310.0;0.0, 1325.0;310.0;0.0, 1300.0;290.0;0.0
200.0;290.0;0.0, 250.0;290.0;0.0, 275.0;310.0;0.0, 250.0;330.0;0.0, 200.0;330.0;0.0, 175.0;310.0;0.0
350.0;290.0;0.0, 400.0;290.0;0.0, 425.0;310.0;0.0, 400.0;330.0;0.0, 350.0;330.0;0.0, 325.0;310.0;0.0
500.0;290.0;0.0, 550.0;290.0;0.0, 575.0;310.0;0.0, 550.0;330.0;0.0, 500.0;330.0;0.0, 475.0;310.0;0.0
650.0;290.0;0.0, 700.0;290.0;0.0, 725.0;310.0;0.0, 700.0;330.0;0.0, 650.0;330.0;0.0, 625.0;310.0;0.0
800.0;290.0;0.0, 850.0;290.0;0.0, 875.0;310.0;0.0, 850.0;330.0;0.0, 800.0;330.0;0.0, 775.0;310.0;0.0
950.0;290.0;0.0, 1000.0;290.0;0.0, 1025.0;310.0;0.0, 1000.0;330.0;0.0, 950.0;330.0;0.0, 925.0;310.0;0.0
1100.0;290.0;0.0, 1150.0;290.0;0.0, 1175.0;310.0;0.0, 1150.0;330.0;0.0, 1100.0;330.0;0.0, 1075.0;310.0;0.0
1250.0;290.0;0.0, 1300.0;290.0;0.0, 1325.0;310.0;0.0, 1300.0;330.0;0.0, 1250.0;330.0;0.0, 1225.0;310.0;0.0
1400.0;290.0;0.0, 1450.0;290.0;0.0, 1475.0;310.0;0.0, 1450.0;330.0;0.0, 1400.0;330.0;0.0, 1375.0;310.0;0.0
125.0;310.0;0.0, 175.0;310.0;0.0, 200.0;330.0;0.0, 175.0;350.0;0.0, 125.0;350.0;0.0, 100.0;330.0;0.0
275.0;310.0;0.0, 325.0;310.0;0.0, 350.0;330.0;0.0, 325.0;350.0;0.0, 275.0;350.0;0.0, 250.0;330.0;0.0
425.0;310.0;0.0, 475.0;310.0;0.0, 500.0;330.0;0.0, 475.0;350.0;0.0, 425.0;350.0;0.0, 400.0;330.0;0.0
575.0;310.0;0.0, 625.0;310.0;0.0, 650.0;330.0;0.0, 625.0;350.0;0.0, 575.0;350.0;0.0, 550.0;330.0;0.0
725.0;310.0;0.0, 775.0;310.0;0.0, 800.0;330.0;0.0, 775.0;350.0;0.0, 725.0;350.0;0.0, 700.0;330.0;0.0
875.0;310.0;0.0, 925.0;310.0;0.0, 950.0;330.0;0.0, 925.0;350.0;0.0, 875.0;350.0;0.0, 850.0;330.0;0.0
1025.0;310.0;0.0, 1075.0;310.0;0.0, 1100.0;330.0;0.0, 1075.0;350.0;0.0, 1025.0;350.0;0.0, 1000.0;330.0;0.0
1175.0;310.0;0.0, 1225.0;310.0;0.0, 1250.0;330.0;0.0, 1225.0;350.0;0.0, 1175.0;350.0;0.0, 1150.0;330.0;0.0
1325.0;310.0;0.0, 1375.0;310.0;0.0, 1400.0;330.0;0.0, 1375.0;350.0;0.0, 1325.0;350.0;0.0, 1300.0;330.0;0.0
200.0;330.0;0.0, 250.0;330.0;0.0, 275.0;350.0;0.0, 250.0;370.0;0.0, 200.0;370.0;0.0, 175.0;350.0;0.0
350.0;330.0;0.0, 400.0;330.0;0.0, 425.0;350.0;0.0, 400.0;370.0;0.0, 350.0;370.0;0.0, 325.0;350.0;0.0
500.0;330.0;0.0, 550.0;330.0;0.0, 575.0;350.0;0.0, 550.0;370.0;0.0, 500.0;370.0;0.0, 475.0;350.0;0.0
650.0;330.0;0.0, 700.0;330.0;0.0, 725.0;350.0;0.0, 700.0;370.0;0.0, 650.0;370.0;0.0, 625.0;350.0;0.0
800.0;330.0;0.0, 850.0;330.0;0.0, 875.0;350.0;0.0, 850.0;370.0;0.0, 800.0;370.0;0.0, 775.0;350.0;0.0
950.0;330.0;0.0, 1000.0;330.0;0.0, 1025.0;350.0;0.0, 1000.0;370.0;0.0, 950.0;370.0;0.0, 925.0;350.0;0.0
1100.0;330.0;0.0, 1150.0;330.0;0.0, 1175.0;350.0;0.0, 1150.0;370.0;0.0, 1100.0;370.0;0.0, 1075.0;350.0;0.0
1250.0;330.0;0.0, 1300.0;330.0;0.0, 1325.0;350.0;0.0, 1300.0;370.0;0.0, 1250.0;370.0;0.0, 1225.0;350.0;0.0
1400.0;330.0;0.0, 1450.0;330.0;0.0, 1475.0;350.0;0.0, 1450.0;370.0;0.0, 1400.0;370.0;0.0, 1375.0;350.0;0.0
125.0;350.0;0.0, 175.0;350.0;0.0, 200.0;370.0;0.0, 175.0;390.0;0.0, 125.0;390.0;0.0, 100.0;370.0;0.0
275.0;350.0;0.0, 325.0;350.0;0.0, 350.0;370.0;0.0, 325.0;390.0;0.0, 275.0;390.0;0.0, 250.0;370.0;0.0
425.0;350.0;0.0, 475.0;350.0;0.0, 500.0;370.0;0.0, 475.0;390.0;0.0, 425.0;390.0;0.0, 400.0;370.0;0.0
575.0;350.0;0.0, 625.0;350.0;0.0, 650.0;370.0;0.0, 625.0;390.0;0.0, 575.0;390.0;0.0, 550.0;370.0;0.0
725.0;350.0;0.0, 775.0;350.0;0.0, 800.0;370.0;0.0, 775.0;390.0;0.0, 725.0;390.0;0.0, 700.0;370.0;0.0
875.0;350.0;0.0, 925.0;350.0;0.0, 950.0;370.0;0.0, 925.0;390.0;0.0, 875.0;390.0;0.0, 850.0;370.0;0.0
1025.0;350.0;0.0, 1075.0;350.0;0.0, 1100.0;370.0;0.0, 1075.0;390.0;0.0, 1025.0;390.0;0.0, 1000.0;370.0;0.0
1175.0;350.0;0.0, 1225.0;350.0;0.0, 1250.0;370.0;0.0, 1225.0;390.0;0.0, 1175.0;390.0;0.0, 1150.0;370.0;0.0
1325.0;350.0;0.0, 1375.0;350.0;0.0, 1400.0;370.0;0.0, 1375.0;390.0;0.0, 1325.0;390.0;0.0, 1300.0;370.0;0.0
200.0;370.0;0.0, 250.0;370.0;0.0, 275.0;390.0;0.0, 250.0;410.0;0.0, 200.0;410.0;0.0, 175.0;390.0;0.0
350.0;370.0;0.0, 400.0;370.0;0.0, 425.0;390.0;0.0, 400.0;410.0;0.0, 350.0;410.0;0.0, 325.0;390.0;0.0
500.0;370.0;0.0, 550.0;370.0;0.0, 575.0;390.0;0.0, 550.0;410.0;0.0, 500.0;410.0;0.0, 475.0;390.0;0.0
650.0;370.0;0.0, 700.0;370.0;0.0, 725.0;390.0;0.0, 700.0;410.0;0.0, 650.0;410.0;0.0, 625.0;390.0;0.0
800.0;370.0;0.0, 850.0;370.0;0.0, 875.0;390.0;0.0, 850.0;410.0;0.0, 800.0;410.0;0.0, 775.0;390.0;0.0
950.0;370.0;0.0, 1000.0;370.0;0.0, 1025.0;390.0;0.0, 1000.0;410.0;0.0, 950.0;410.0;0.0, 925.0;390.0;0.0
1100.0;370.0;0.0, 1150.0;370.0;0.0, 1175.0;390.0;0.0, 1150.0;410.0;0.0, 1100.0;410.0;0.0, 1075.0;390.0;0.0
1250.0;370.0;0.0, 1300.0;370.0;0.0, 1325.0;390.0;0.0, 1300.0;410.0;0.0, 1250.0;410.0;0.0, 1225.0;390.0;0.0
1400.0;370.0;0.0, 1450.0;370.0;0.0, 1475.0;390.0;0.0, 1450.0;410.0;0.0, 1400.0;410.0;0.0, 1375.0;390.0;0.0
125.0;390.0;0.0, 175.0;390.0;0.0, 200.0;410.0;0.0, 175.0;430.0;0.0, 125.0;430.0;0.0, 100.0;410.0;0.0
275.0;390.0;0.0, 325.0;390.0;0.0, 350.0;410.0;0.0, 325.0;430.0;0.0, 275.0;430.0;0.0, 250.0;410.0;0.0
425.0;390.0;0.0, 475.0;390.0;0.0, 500.0;410.0;0.0, 475.0;430.0;0.0, 425.0;430.0;0.0, 400.0;410.0;0.0
575.0;390.0;0.0, 625.0;390.0;0.0, 650.0;410.0;0.0, 625.0;430.0;0.0, 575.0;430.0;0.0, 550.0;410.0;0.0
725.0;390.0;0.0, 775.0;390.0;0.0, 800.0;410.0;0.0, 775.0;430.0;0.0, 725.0;430.0;0.0, 700.0;410.0;0.0
875.0;390.0;0.0, 925.0;390.0;0.0, 950.0;410.0;0.0, 925.0;430.0;0.0, 875.0;430.0;0.0, 850.0;410.0;0.0
1025.0;390.0;0.0, 1075.0;390.0;0.0, 1100.0;410.0;0.0, 1075.0;430.0;0.0, 1025.0;430.0;0.0, 1000.0;410.0;0.0
1175.0;390.0;0.0, 1225.0;390.0;0.0, 1250.0;410.0;0.0, 1225.0;430.0;0.0, 1175.0;430.0;0.0, 1150.0;410.0;0.0
1325.0;390.0;0.0, 1375.0;390.0;0.0, 1400.0;410.0;0.0, 1375.0;430.0;0.0, 1325.0;430.0;0.0, 1300.0;410.0;0.0
