0;25;0, 0;75;0, 50;100;0, 100;75;0, 100;25;0, 50;1;0
100;25;0, 100;75;0, 150;100;0, 200;75;0, 200;25;0, 150;1;0
200;25;0, 200;75;0, 250;100;0, 300;75;0, 300;25;0, 250;1;0
300;25;0, 300;75;0, 350;100;0, 400;75;0, 400;25;0, 350;1;0
400;25;0, 400;75;0, 450;100;0, 500;75;0, 500;25;0, 450;1;0
500;25;0, 500;75;0, 550;100;0, 600;75;0, 600;25;0, 550;1;0
50;100;0, 50;150;0, 100;175;0, 150;150;0, 150;100;0, 100;75;0
150;100;0, 150;150;0, 200;175;0, 250;150;0, 250;100;0, 200;75;0
250;100;0, 250;150;0, 300;175;0, 350;150;0, 350;100;0, 300;75;0
350;100;0, 350;150;0, 400;175;0, 450;150;0, 450;100;0, 400;75;0
450;100;0, 450;150;0, 500;175;0, 550;150;0, 550;100;0, 500;75;0
550;100;0, 550;150;0, 600;175;0, 650;150;0, 650;100;0, 600;75;0