[100.0;6.1232338E-15;0.0, 86.60254;-50.0;0.0, 70.71068;-70.71068;40.0, 86.60254;-50.0;80.0, 100.0;6.1232338E-15;80.0, 96.59258;25.881905;40.0]
[1.22464676E-14;-100.0;0.0, -50.0;-86.60254;0.0, -70.71068;-70.71068;40.0, -50.0;-86.60254;80.0, 1.22464676E-14;-100.0;80.0, 25.881905;-96.59258;40.0]
[-100.0;-1.8369702E-14;0.0, -86.60254;50.0;0.0, -70.71068;70.71068;40.0, -86.60254;50.0;80.0, -100.0;-1.8369702E-14;80.0, -96.59258;-25.881905;40.0]
[-2.4492935E-14;100.0;0.0, 50.0;86.60254;0.0, 70.71068;70.71068;40.0, 50.0;86.60254;80.0, -2.4492935E-14;100.0;80.0, -25.881905;96.59258;40.0]
[100.0;3.061617E-14;0.0, 86.60254;-50.0;0.0, 70.71068;-70.71068;40.0, 86.60254;-50.0;80.0, 100.0;3.061617E-14;80.0, 96.59258;25.881905;40.0]
[70.71068;70.71068;40.0, 96.59258;25.881905;40.0, 100.0;6.1232338E-15;80.0, 96.59258;25.881905;120.0, 70.71068;70.71068;120.0, 50.0;86.60254;80.0]
[70.71068;-70.71068;40.0, 25.881905;-96.59258;40.0, 1.22464676E-14;-100.0;80.0, 25.881905;-96.59258;120.0, 70.71068;-70.71068;120.0, 86.60254;-50.0;80.0]
[-70.71068;-70.71068;40.0, -96.59258;-25.881905;40.0, -100.0;-1.8369702E-14;80.0, -96.59258;-25.881905;120.0, -70.71068;-70.71068;120.0, -50.0;-86.60254;80.0]
[-70.71068;70.71068;40.0, -25.881905;96.59258;40.0, -2.4492935E-14;100.0;80.0, -25.881905;96.59258;120.0, -70.71068;70.71068;120.0, -86.60254;50.0;80.0]
[70.71068;70.71068;40.0, 96.59258;25.881905;40.0, 100.0;3.061617E-14;80.0, 96.59258;25.881905;120.0, 70.71068;70.71068;120.0, 50.0;86.60254;80.0]
[100.0;6.1232338E-15;80.0, 86.60254;-50.0;80.0, 70.71068;-70.71068;120.0, 86.60254;-50.0;160.0, 100.0;6.1232338E-15;160.0, 96.59258;25.881905;120.0]
[1.22464676E-14;-100.0;80.0, -50.0;-86.60254;80.0, -70.71068;-70.71068;120.0, -50.0;-86.60254;160.0, 1.22464676E-14;-100.0;160.0, 25.881905;-96.59258;120.0]
[-100.0;-1.8369702E-14;80.0, -86.60254;50.0;80.0, -70.71068;70.71068;120.0, -86.60254;50.0;160.0, -100.0;-1.8369702E-14;160.0, -96.59258;-25.881905;120.0]
[-2.4492935E-14;100.0;80.0, 50.0;86.60254;80.0, 70.71068;70.71068;120.0, 50.0;86.60254;160.0, -2.4492935E-14;100.0;160.0, -25.881905;96.59258;120.0]
[100.0;3.061617E-14;80.0, 86.60254;-50.0;80.0, 70.71068;-70.71068;120.0, 86.60254;-50.0;160.0, 100.0;3.061617E-14;160.0, 96.59258;25.881905;120.0]
[70.71068;70.71068;120.0, 96.59258;25.881905;120.0, 100.0;6.1232338E-15;160.0, 96.59258;25.881905;200.0, 70.71068;70.71068;200.0, 50.0;86.60254;160.0]
[70.71068;-70.71068;120.0, 25.881905;-96.59258;120.0, 1.22464676E-14;-100.0;160.0, 25.881905;-96.59258;200.0, 70.71068;-70.71068;200.0, 86.60254;-50.0;160.0]
[-70.71068;-70.71068;120.0, -96.59258;-25.881905;120.0, -100.0;-1.8369702E-14;160.0, -96.59258;-25.881905;200.0, -70.71068;-70.71068;200.0, -50.0;-86.60254;160.0]
[-70.71068;70.71068;120.0, -25.881905;96.59258;120.0, -2.4492935E-14;100.0;160.0, -25.881905;96.59258;200.0, -70.71068;70.71068;200.0, -86.60254;50.0;160.0]
[70.71068;70.71068;120.0, 96.59258;25.881905;120.0, 100.0;3.061617E-14;160.0, 96.59258;25.881905;200.0, 70.71068;70.71068;200.0, 50.0;86.60254;160.0]
[100.0;6.1232338E-15;160.0, 86.60254;-50.0;160.0, 70.71068;-70.71068;200.0, 86.60254;-50.0;240.0, 100.0;6.1232338E-15;240.0, 96.59258;25.881905;200.0]
[1.22464676E-14;-100.0;160.0, -50.0;-86.60254;160.0, -70.71068;-70.71068;200.0, -50.0;-86.60254;240.0, 1.22464676E-14;-100.0;240.0, 25.881905;-96.59258;200.0]
[-100.0;-1.8369702E-14;160.0, -86.60254;50.0;160.0, -70.71068;70.71068;200.0, -86.60254;50.0;240.0, -100.0;-1.8369702E-14;240.0, -96.59258;-25.881905;200.0]
[-2.4492935E-14;100.0;160.0, 50.0;86.60254;160.0, 70.71068;70.71068;200.0, 50.0;86.60254;240.0, -2.4492935E-14;100.0;240.0, -25.881905;96.59258;200.0]
[100.0;3.061617E-14;160.0, 86.60254;-50.0;160.0, 70.71068;-70.71068;200.0, 86.60254;-50.0;240.0, 100.0;3.061617E-14;240.0, 96.59258;25.881905;200.0]
[70.71068;70.71068;200.0, 96.59258;25.881905;200.0, 100.0;6.1232338E-15;240.0, 96.59258;25.881905;280.0, 70.71068;70.71068;280.0, 50.0;86.60254;240.0]
[70.71068;-70.71068;200.0, 25.881905;-96.59258;200.0, 1.22464676E-14;-100.0;240.0, 25.881905;-96.59258;280.0, 70.71068;-70.71068;280.0, 86.60254;-50.0;240.0]
[-70.71068;-70.71068;200.0, -96.59258;-25.881905;200.0, -100.0;-1.8369702E-14;240.0, -96.59258;-25.881905;280.0, -70.71068;-70.71068;280.0, -50.0;-86.60254;240.0]
[-70.71068;70.71068;200.0, -25.881905;96.59258;200.0, -2.4492935E-14;100.0;240.0, -25.881905;96.59258;280.0, -70.71068;70.71068;280.0, -86.60254;50.0;240.0]
[70.71068;70.71068;200.0, 96.59258;25.881905;200.0, 100.0;3.061617E-14;240.0, 96.59258;25.881905;280.0, 70.71068;70.71068;280.0, 50.0;86.60254;240.0]
[100.0;6.1232338E-15;240.0, 86.60254;-50.0;240.0, 70.71068;-70.71068;280.0, 86.60254;-50.0;320.0, 100.0;6.1232338E-15;320.0, 96.59258;25.881905;280.0]
[1.22464676E-14;-100.0;240.0, -50.0;-86.60254;240.0, -70.71068;-70.71068;280.0, -50.0;-86.60254;320.0, 1.22464676E-14;-100.0;320.0, 25.881905;-96.59258;280.0]
[-100.0;-1.8369702E-14;240.0, -86.60254;50.0;240.0, -70.71068;70.71068;280.0, -86.60254;50.0;320.0, -100.0;-1.8369702E-14;320.0, -96.59258;-25.881905;280.0]
[-2.4492935E-14;100.0;240.0, 50.0;86.60254;240.0, 70.71068;70.71068;280.0, 50.0;86.60254;320.0, -2.4492935E-14;100.0;320.0, -25.881905;96.59258;280.0]
[100.0;3.061617E-14;240.0, 86.60254;-50.0;240.0, 70.71068;-70.71068;280.0, 86.60254;-50.0;320.0, 100.0;3.061617E-14;320.0, 96.59258;25.881905;280.0]
[70.71068;70.71068;280.0, 96.59258;25.881905;280.0, 100.0;6.1232338E-15;320.0, 96.59258;25.881905;360.0, 70.71068;70.71068;360.0, 50.0;86.60254;320.0]
[70.71068;-70.71068;280.0, 25.881905;-96.59258;280.0, 1.22464676E-14;-100.0;320.0, 25.881905;-96.59258;360.0, 70.71068;-70.71068;360.0, 86.60254;-50.0;320.0]
[-70.71068;-70.71068;280.0, -96.59258;-25.881905;280.0, -100.0;-1.8369702E-14;320.0, -96.59258;-25.881905;360.0, -70.71068;-70.71068;360.0, -50.0;-86.60254;320.0]
[-70.71068;70.71068;280.0, -25.881905;96.59258;280.0, -2.4492935E-14;100.0;320.0, -25.881905;96.59258;360.0, -70.71068;70.71068;360.0, -86.60254;50.0;320.0]
[70.71068;70.71068;280.0, 96.59258;25.881905;280.0, 100.0;3.061617E-14;320.0, 96.59258;25.881905;360.0, 70.71068;70.71068;360.0, 50.0;86.60254;320.0]
[100.0;6.1232338E-15;320.0, 86.60254;-50.0;320.0, 70.71068;-70.71068;360.0, 86.60254;-50.0;400.0, 100.0;6.1232338E-15;400.0, 96.59258;25.881905;360.0]
[1.22464676E-14;-100.0;320.0, -50.0;-86.60254;320.0, -70.71068;-70.71068;360.0, -50.0;-86.60254;400.0, 1.22464676E-14;-100.0;400.0, 25.881905;-96.59258;360.0]
[-100.0;-1.8369702E-14;320.0, -86.60254;50.0;320.0, -70.71068;70.71068;360.0, -86.60254;50.0;400.0, -100.0;-1.8369702E-14;400.0, -96.59258;-25.881905;360.0]
[-2.4492935E-14;100.0;320.0, 50.0;86.60254;320.0, 70.71068;70.71068;360.0, 50.0;86.60254;400.0, -2.4492935E-14;100.0;400.0, -25.881905;96.59258;360.0]
[100.0;3.061617E-14;320.0, 86.60254;-50.0;320.0, 70.71068;-70.71068;360.0, 86.60254;-50.0;400.0, 100.0;3.061617E-14;400.0, 96.59258;25.881905;360.0]
[70.71068;70.71068;360.0, 96.59258;25.881905;360.0, 100.0;6.1232338E-15;400.0, 96.59258;25.881905;440.0, 70.71068;70.71068;440.0, 50.0;86.60254;400.0]
[70.71068;-70.71068;360.0, 25.881905;-96.59258;360.0, 1.22464676E-14;-100.0;400.0, 25.881905;-96.59258;440.0, 70.71068;-70.71068;440.0, 86.60254;-50.0;400.0]
[-70.71068;-70.71068;360.0, -96.59258;-25.881905;360.0, -100.0;-1.8369702E-14;400.0, -96.59258;-25.881905;440.0, -70.71068;-70.71068;440.0, -50.0;-86.60254;400.0]
[-70.71068;70.71068;360.0, -25.881905;96.59258;360.0, -2.4492935E-14;100.0;400.0, -25.881905;96.59258;440.0, -70.71068;70.71068;440.0, -86.60254;50.0;400.0]
[70.71068;70.71068;360.0, 96.59258;25.881905;360.0, 100.0;3.061617E-14;400.0, 96.59258;25.881905;440.0, 70.71068;70.71068;440.0, 50.0;86.60254;400.0]
[100.0;6.1232338E-15;400.0, 86.60254;-50.0;400.0, 70.71068;-70.71068;440.0, 86.60254;-50.0;480.0, 100.0;6.1232338E-15;480.0, 96.59258;25.881905;440.0]
[1.22464676E-14;-100.0;400.0, -50.0;-86.60254;400.0, -70.71068;-70.71068;440.0, -50.0;-86.60254;480.0, 1.22464676E-14;-100.0;480.0, 25.881905;-96.59258;440.0]
[-100.0;-1.8369702E-14;400.0, -86.60254;50.0;400.0, -70.71068;70.71068;440.0, -86.60254;50.0;480.0, -100.0;-1.8369702E-14;480.0, -96.59258;-25.881905;440.0]
[-2.4492935E-14;100.0;400.0, 50.0;86.60254;400.0, 70.71068;70.71068;440.0, 50.0;86.60254;480.0, -2.4492935E-14;100.0;480.0, -25.881905;96.59258;440.0]
[100.0;3.061617E-14;400.0, 86.60254;-50.0;400.0, 70.71068;-70.71068;440.0, 86.60254;-50.0;480.0, 100.0;3.061617E-14;480.0, 96.59258;25.881905;440.0]
[70.71068;70.71068;440.0, 96.59258;25.881905;440.0, 100.0;6.1232338E-15;480.0, 96.59258;25.881905;520.0, 70.71068;70.71068;520.0, 50.0;86.60254;480.0]
[70.71068;-70.71068;440.0, 25.881905;-96.59258;440.0, 1.22464676E-14;-100.0;480.0, 25.881905;-96.59258;520.0, 70.71068;-70.71068;520.0, 86.60254;-50.0;480.0]
[-70.71068;-70.71068;440.0, -96.59258;-25.881905;440.0, -100.0;-1.8369702E-14;480.0, -96.59258;-25.881905;520.0, -70.71068;-70.71068;520.0, -50.0;-86.60254;480.0]
[-70.71068;70.71068;440.0, -25.881905;96.59258;440.0, -2.4492935E-14;100.0;480.0, -25.881905;96.59258;520.0, -70.71068;70.71068;520.0, -86.60254;50.0;480.0]
[70.71068;70.71068;440.0, 96.59258;25.881905;440.0, 100.0;3.061617E-14;480.0, 96.59258;25.881905;520.0, 70.71068;70.71068;520.0, 50.0;86.60254;480.0]
[100.0;6.1232338E-15;480.0, 86.60254;-50.0;480.0, 70.71068;-70.71068;520.0, 86.60254;-50.0;560.0, 100.0;6.1232338E-15;560.0, 96.59258;25.881905;520.0]
[1.22464676E-14;-100.0;480.0, -50.0;-86.60254;480.0, -70.71068;-70.71068;520.0, -50.0;-86.60254;560.0, 1.22464676E-14;-100.0;560.0, 25.881905;-96.59258;520.0]
[-100.0;-1.8369702E-14;480.0, -86.60254;50.0;480.0, -70.71068;70.71068;520.0, -86.60254;50.0;560.0, -100.0;-1.8369702E-14;560.0, -96.59258;-25.881905;520.0]
[-2.4492935E-14;100.0;480.0, 50.0;86.60254;480.0, 70.71068;70.71068;520.0, 50.0;86.60254;560.0, -2.4492935E-14;100.0;560.0, -25.881905;96.59258;520.0]
[100.0;3.061617E-14;480.0, 86.60254;-50.0;480.0, 70.71068;-70.71068;520.0, 86.60254;-50.0;560.0, 100.0;3.061617E-14;560.0, 96.59258;25.881905;520.0]
[70.71068;70.71068;520.0, 96.59258;25.881905;520.0, 100.0;6.1232338E-15;560.0, 96.59258;25.881905;600.0, 70.71068;70.71068;600.0, 50.0;86.60254;560.0]
[70.71068;-70.71068;520.0, 25.881905;-96.59258;520.0, 1.22464676E-14;-100.0;560.0, 25.881905;-96.59258;600.0, 70.71068;-70.71068;600.0, 86.60254;-50.0;560.0]
[-70.71068;-70.71068;520.0, -96.59258;-25.881905;520.0, -100.0;-1.8369702E-14;560.0, -96.59258;-25.881905;600.0, -70.71068;-70.71068;600.0, -50.0;-86.60254;560.0]
[-70.71068;70.71068;520.0, -25.881905;96.59258;520.0, -2.4492935E-14;100.0;560.0, -25.881905;96.59258;600.0, -70.71068;70.71068;600.0, -86.60254;50.0;560.0]
[70.71068;70.71068;520.0, 96.59258;25.881905;520.0, 100.0;3.061617E-14;560.0, 96.59258;25.881905;600.0, 70.71068;70.71068;600.0, 50.0;86.60254;560.0]
[100.0;6.1232338E-15;560.0, 86.60254;-50.0;560.0, 70.71068;-70.71068;600.0, 86.60254;-50.0;640.0, 100.0;6.1232338E-15;640.0, 96.59258;25.881905;600.0]
[1.22464676E-14;-100.0;560.0, -50.0;-86.60254;560.0, -70.71068;-70.71068;600.0, -50.0;-86.60254;640.0, 1.22464676E-14;-100.0;640.0, 25.881905;-96.59258;600.0]
[-100.0;-1.8369702E-14;560.0, -86.60254;50.0;560.0, -70.71068;70.71068;600.0, -86.60254;50.0;640.0, -100.0;-1.8369702E-14;640.0, -96.59258;-25.881905;600.0]
[-2.4492935E-14;100.0;560.0, 50.0;86.60254;560.0, 70.71068;70.71068;600.0, 50.0;86.60254;640.0, -2.4492935E-14;100.0;640.0, -25.881905;96.59258;600.0]
[100.0;3.061617E-14;560.0, 86.60254;-50.0;560.0, 70.71068;-70.71068;600.0, 86.60254;-50.0;640.0, 100.0;3.061617E-14;640.0, 96.59258;25.881905;600.0]
[70.71068;70.71068;600.0, 96.59258;25.881905;600.0, 100.0;6.1232338E-15;640.0, 96.59258;25.881905;680.0, 70.71068;70.71068;680.0, 50.0;86.60254;640.0]
[70.71068;-70.71068;600.0, 25.881905;-96.59258;600.0, 1.22464676E-14;-100.0;640.0, 25.881905;-96.59258;680.0, 70.71068;-70.71068;680.0, 86.60254;-50.0;640.0]
[-70.71068;-70.71068;600.0, -96.59258;-25.881905;600.0, -100.0;-1.8369702E-14;640.0, -96.59258;-25.881905;680.0, -70.71068;-70.71068;680.0, -50.0;-86.60254;640.0]
[-70.71068;70.71068;600.0, -25.881905;96.59258;600.0, -2.4492935E-14;100.0;640.0, -25.881905;96.59258;680.0, -70.71068;70.71068;680.0, -86.60254;50.0;640.0]
[70.71068;70.71068;600.0, 96.59258;25.881905;600.0, 100.0;3.061617E-14;640.0, 96.59258;25.881905;680.0, 70.71068;70.71068;680.0, 50.0;86.60254;640.0]
[100.0;6.1232338E-15;640.0, 86.60254;-50.0;640.0, 70.71068;-70.71068;680.0, 86.60254;-50.0;720.0, 100.0;6.1232338E-15;720.0, 96.59258;25.881905;680.0]
[1.22464676E-14;-100.0;640.0, -50.0;-86.60254;640.0, -70.71068;-70.71068;680.0, -50.0;-86.60254;720.0, 1.22464676E-14;-100.0;720.0, 25.881905;-96.59258;680.0]
[-100.0;-1.8369702E-14;640.0, -86.60254;50.0;640.0, -70.71068;70.71068;680.0, -86.60254;50.0;720.0, -100.0;-1.8369702E-14;720.0, -96.59258;-25.881905;680.0]
[-2.4492935E-14;100.0;640.0, 50.0;86.60254;640.0, 70.71068;70.71068;680.0, 50.0;86.60254;720.0, -2.4492935E-14;100.0;720.0, -25.881905;96.59258;680.0]
[100.0;3.061617E-14;640.0, 86.60254;-50.0;640.0, 70.71068;-70.71068;680.0, 86.60254;-50.0;720.0, 100.0;3.061617E-14;720.0, 96.59258;25.881905;680.0]
[70.71068;70.71068;680.0, 96.59258;25.881905;680.0, 100.0;6.1232338E-15;720.0, 96.59258;25.881905;760.0, 70.71068;70.71068;760.0, 50.0;86.60254;720.0]
[70.71068;-70.71068;680.0, 25.881905;-96.59258;680.0, 1.22464676E-14;-100.0;720.0, 25.881905;-96.59258;760.0, 70.71068;-70.71068;760.0, 86.60254;-50.0;720.0]
[-70.71068;-70.71068;680.0, -96.59258;-25.881905;680.0, -100.0;-1.8369702E-14;720.0, -96.59258;-25.881905;760.0, -70.71068;-70.71068;760.0, -50.0;-86.60254;720.0]
[-70.71068;70.71068;680.0, -25.881905;96.59258;680.0, -2.4492935E-14;100.0;720.0, -25.881905;96.59258;760.0, -70.71068;70.71068;760.0, -86.60254;50.0;720.0]
[70.71068;70.71068;680.0, 96.59258;25.881905;680.0, 100.0;3.061617E-14;720.0, 96.59258;25.881905;760.0, 70.71068;70.71068;760.0, 50.0;86.60254;720.0]