-75;0;75, 75;0;75, 0;-75;0
75;0;75, 75;0;-75, 0;-75;0
-75;0;75, -75;0;-75, 0;-75;0
-75;0;-75, 75;0;-75, 0;-75;0
-75;0;75, 75;0;75, 0;75;0
75;0;75, 75;0;-75, 0;75;0
-75;0;75, -75;0;-75, 0;75;0
-75;0;-75, 75;0;-75, 0;75;0
-100;0;100, 100;0;100, 0;-100;0
100;0;100, 100;0;-100, 0;-100;0
-100;0;100, -100;0;-100, 0;-100;0
-100;0;-100, 100;0;-100, 0;-100;0
-100;0;100, 100;0;100, 0;100;0
100;0;100, 100;0;-100, 0;100;0
-100;0;100, -100;0;-100, 0;100;0
-100;0;-100, 100;0;-100, 0;100;0
-150;0;150, 150;0;150, 0;-150;0
150;0;150, 150;0;-150, 0;-150;0
-150;0;150, -150;0;-150, 0;-150;0
-150;0;-150, 150;0;-150, 0;-150;0
-150;0;150, 150;0;150, 0;150;0
150;0;150, 150;0;-150, 0;150;0
-150;0;150, -150;0;-150, 0;150;0
-150;0;-150, 150;0;-150, 0;150;0